    -0.872664625997 0.6 0.00682954   0.00141948

    -0.872664625997 0.7 0.00685008   0.00141776

    -0.872664625997 0.8 ....

    -0.872664625997 0.9 ....

    -0.872664625997 1.0 ....

    -0.872664625997 1.1 ....

    -0.872664625997 1.2 ....

    -0.872664625997 1.3 ....

    -0.872664625997 1.4 ....

    -0.872664625997 1.5 ....

    -0.678739153553 0.6 0.000401047   0.00141857

    -0.678739153553 0.7 0.00364354   0.00141746

    -0.678739153553 0.8 ....

    -0.678739153553 0.9 ....

    -0.678739153553 1.0 ....

    -0.678739153553 1.1 ....

    -0.678739153553 1.2 ....

    -0.678739153553 1.3 ....

    -0.678739153553 1.4 ....

    -0.678739153553 1.5 ....

    -0.48481368111 0.6 ....

    -0.48481368111 0.7 ....

    -0.48481368111 0.8 ....

    -0.48481368111 0.9 ....

    -0.48481368111 1.0 ....

    -0.48481368111 1.1 ....

    -0.48481368111 1.2 ....

    -0.48481368111 1.3 ....

    -0.48481368111 1.4 ....

    -0.48481368111 1.5 ....

    -0.290888208666 0.6 ....

    -0.290888208666 0.7 ....

    -0.290888208666 0.8 ....

    -0.290888208666 0.9 ....

    -0.290888208666 1.0 ....

    -0.290888208666 1.1 ....

    -0.290888208666 1.2 ....

    -0.290888208666 1.3 ....

    -0.290888208666 1.4 ....

    -0.290888208666 1.5 ....

    -0.0969627362219 0.6 ....

    -0.0969627362219 0.7 ....

    -0.0969627362219 0.8 ....

    -0.0969627362219 0.9 ....

    -0.0969627362219 1.0 ....

    -0.0969627362219 1.1 ....

    -0.0969627362219 1.2 ....

    -0.0969627362219 1.3 ....

    -0.0969627362219 1.4 ....

    -0.0969627362219 1.5 ....

    0.0969627362219 0.6 ....

    0.0969627362219 0.7 ....

    0.0969627362219 0.8 ....

    0.0969627362219 0.9 ....

    0.0969627362219 1.0 ....

    0.0969627362219 1.1 ....

    0.0969627362219 1.2 ....

    0.0969627362219 1.3 ....

    0.0969627362219 1.4 ....

    0.0969627362219 1.5 ....

    0.290888208666 0.6 ....

    0.290888208666 0.7 ....

    0.290888208666 0.8 ....

    0.290888208666 0.9 ....

    0.290888208666 1.0 ....

    0.290888208666 1.1 ....

    0.290888208666 1.2 ....

    0.290888208666 1.3 ....

    0.290888208666 1.4 ....

    0.290888208666 1.5 ....

    0.48481368111 0.6 ....

    0.48481368111 0.7 ....

    0.48481368111 0.8 ....

    0.48481368111 0.9 ....

    0.48481368111 1.0 ....

    0.48481368111 1.1 ....

    0.48481368111 1.2 ....

    0.48481368111 1.3 ....

    0.48481368111 1.4 ....

    0.48481368111 1.5 ....

    0.678739153553 0.6 ....

    0.678739153553 0.7 ....

    0.678739153553 0.8 ....

    0.678739153553 0.9 ....

    0.678739153553 1.0 0.00199905   0.00141787

    0.678739153553 1.1 0.000536637   0.00141985

    0.678739153553 1.2 0.0008919   0.0014196

    0.678739153553 1.3 0.00225704   0.00141674

    0.678739153553 1.4 0.00100044   0.00142182

    0.678739153553 1.5 0.00165239   0.00141591

    0.872664625997 0.6 0.000560118   0.00141924

    0.872664625997 0.7 0.000115571   0.00141894

    0.872664625997 0.8 0.00112741   0.00141654

    0.872664625997 0.9 0.0013482   0.00142173

    0.872664625997 1.0 0.00166314   0.00141718

    0.872664625997 1.1 0.00286324   0.00141756

    0.872664625997 1.2 0.00112676   0.00141761

    0.872664625997 1.3 0.00168778   0.00141932

    0.872664625997 1.4 0.000692082   0.00141911

    0.872664625997 1.5 0.00257595   0.00141979

